0,507
218,3
195,1
195,3
193,5
216,4
216,1
216,3
193,1
193,3
198,1
198,3
0,273
0,270
188,1
188,3
14,6
11,12
8,15
3,2
3,1
3,3
10,125
10,195
10,239
10,109
10,229
10,273
10,175
10,1
10,79
10,2
10,3
11,23
11,21
11,9
11,19
11,13
9,5
8,10
8,16
8,11
8,8
0,575
250,4
250,3
250,2
250,1
250,0
249,4
249,3
249,2
249,1
249,0
247,5
247,4
247,3
247,2
247,1
247,0
244,5
244,4
244,3
244,2
244,1
244,0
242,5
242,4
242,3
242,2
242,1
242,0
240,5
240,4
240,3
240,2
240,1
240,0
238,4
238,3
238,2
238,1
238,0
236,4
236,3
236,2
236,1
236,0
234,5
234,4
234,3
234,2
234,1
234,0
232,5
232,4
232,3
232,2
232,1
232,0
230,5
230,4
230,3
230,2
230,1
230,0
228,5
228,4
228,3
228,2
228,1
228,0
226,5
226,4
226,3
226,2
226,1
226,0
224,4
224,3
224,2
224,1
224,0
223,5
223,4
223,3
223,2
223,1
223,0
221,5
